image: project4Map.pgm
resolution: 0.050000
origin: [-14.575931, -10.441980, 0.000000]
negate: 0
occupied_thresh: 0.65
free_thresh: 0.196

