image: project4map.pgm
resolution: 0.050000
origin: [-36.153400, -10.380498, 0.000000]
negate: 0
occupied_thresh: 0.65
free_thresh: 0.196

